LECROYHDO6104,19236,Histogram
Segments,1,SegmentSize,456
Segment,TrigTime,TimeSinceSegment1
#1,23-Mar-2018 14:22:19,0                 
Time,Ampl
0.00013,0
0.000132,0
0.000134,0
0.000136,0
0.000138,0
0.00014,0
0.000142,0
0.000144,0
0.000146,0
0.000148,0
0.00015,0
0.000152,0
0.000154,0
0.000156,0
0.000158,0
0.00016,0
0.000162,0
0.000164,0
0.000166,0
0.000168,0
0.00017,0
0.000172,0
0.000174,0
0.000176,0
0.000178,0
0.00018,0
0.000182,0
0.000184,0
0.000186,0
0.000188,0
0.00019,0
0.000192,0
0.000194,0
0.000196,2
0.000198,0
0.0002,0
0.000202,11
0.000204,0
0.000206,19
0.000208,0
0.00021,30
0.000212,0
0.000214,91
0.000216,0
0.000218,0
0.00022,112
0.000222,0
0.000224,192
0.000226,0
0.000228,324
0.00023,0
0.000232,538
0.000234,0
0.000236,779
0.000238,0
0.00024,0
0.000242,864
0.000244,0
0.000246,1113
0.000248,0
0.00025,1471
0.000252,0
0.000254,1369
0.000256,0
0.000258,0
0.00026,1226
0.000262,0
0.000264,1078
0.000266,0
0.000268,1202
0.00027,0
0.000272,1144
0.000274,0
0.000276,1106
0.000278,0
0.00028,0
0.000282,919
0.000284,0
0.000286,859
0.000288,0
0.00029,675
0.000292,0
0.000294,620
0.000296,0
0.000298,0
0.0003,596
0.000302,0
0.000304,497
0.000306,0
0.000308,427
0.00031,0
0.000312,332
0.000314,0
0.000316,317
0.000318,0
0.00032,0
0.000322,306
0.000324,0
0.000326,237
0.000328,0
0.00033,205
0.000332,0
0.000334,191
0.000336,0
0.000338,0
0.00034,187
0.000342,0
0.000344,151
0.000346,0
0.000348,125
0.00035,0
0.000352,96
0.000354,0
0.000356,81
0.000358,0
0.00036,0
0.000362,85
0.000364,0
0.000366,62
0.000368,0
0.00037,59
0.000372,0
0.000374,56
0.000376,0
0.000378,0
0.00038,53
0.000382,0
0.000384,52
0.000386,0
0.000388,60
0.00039,0
0.000392,70
0.000394,0
0.000396,57
0.000398,0
0.0004,0
0.000402,80
0.000404,0
0.000406,69
0.000408,0
0.00041,102
0.000412,0
0.000414,87
0.000416,0
0.000418,0
0.00042,95
0.000422,0
0.000424,119
0.000426,0
0.000428,148
0.00043,0
0.000432,166
0.000434,0
0.000436,192
0.000438,0
0.00044,0
0.000442,215
0.000444,0
0.000446,225
0.000448,0
0.00045,200
0.000452,0
0.000454,196
0.000456,0
0.000458,0
0.00046,245
0.000462,0
0.000464,241
0.000466,0
0.000468,267
0.00047,0
0.000472,251
0.000474,0
0.000476,296
0.000478,0
0.00048,0
0.000482,297
0.000484,0
0.000486,284
0.000488,0
0.00049,271
0.000492,0
0.000494,320
0.000496,0
0.000498,0
0.0005,316
0.000502,0
0.000504,339
0.000506,0
0.000508,227
0.00051,0
0.000512,258
0.000514,0
0.000516,289
0.000518,0
0.00052,0
0.000522,288
0.000524,0
0.000526,260
0.000528,0
0.00053,244
0.000532,0
0.000534,219
0.000536,0
0.000538,0
0.00054,184
0.000542,0
0.000544,180
0.000546,0
0.000548,156
0.00055,0
0.000552,158
0.000554,0
0.000556,134
0.000558,0
0.00056,0
0.000562,128
0.000564,0
0.000566,146
0.000568,0
0.00057,117
0.000572,0
0.000574,116
0.000576,0
0.000578,0
0.00058,86
0.000582,0
0.000584,69
0.000586,0
0.000588,64
0.00059,0
0.000592,52
0.000594,0
0.000596,58
0.000598,0
0.0006,0
0.000602,33
0.000604,0
0.000606,43
0.000608,0
0.00061,32
0.000612,0
0.000614,25
0.000616,0
0.000618,0
0.00062,30
0.000622,0
0.000624,15
0.000626,0
0.000628,22
0.00063,0
0.000632,15
0.000634,0
0.000636,17
0.000638,0
0.00064,0
0.000642,15
0.000644,0
0.000646,10
0.000648,0
0.00065,9
0.000652,0
0.000654,12
0.000656,0
0.000658,0
0.00066,13
0.000662,0
0.000664,14
0.000666,0
0.000668,20
0.00067,0
0.000672,8
0.000674,0
0.000676,4
0.000678,0
0.00068,0
0.000682,11
0.000684,0
0.000686,11
0.000688,0
0.00069,16
0.000692,0
0.000694,7
0.000696,0
0.000698,0
0.0007,16
0.000702,0
0.000704,17
0.000706,0
0.000708,16
0.00071,0
0.000712,20
0.000714,0
0.000716,15
0.000718,0
0.00072,0
0.000722,21
0.000724,0
0.000726,29
0.000728,0
0.00073,24
0.000732,0
0.000734,17
0.000736,0
0.000738,0
0.00074,22
0.000742,0
0.000744,23
0.000746,0
0.000748,15
0.00075,0
0.000752,30
0.000754,0
0.000756,29
0.000758,0
0.00076,0
0.000762,27
0.000764,0
0.000766,35
0.000768,0
0.00077,33
0.000772,0
0.000774,16
0.000776,0
0.000778,0
0.00078,34
0.000782,0
0.000784,23
0.000786,0
0.000788,32
0.00079,0
0.000792,19
0.000794,0
0.000796,41
0.000798,0
0.0008,0
0.000802,28
0.000804,0
0.000806,20
0.000808,0
0.00081,22
0.000812,0
0.000814,28
0.000816,0
0.000818,0
0.00082,30
0.000822,0
0.000824,27
0.000826,0
0.000828,13
0.00083,0
0.000832,26
0.000834,0
0.000836,16
0.000838,0
0.00084,0
0.000842,21
0.000844,0
0.000846,9
0.000848,0
0.00085,18
0.000852,0
0.000854,14
0.000856,0
0.000858,0
0.00086,14
0.000862,0
0.000864,14
0.000866,0
0.000868,13
0.00087,0
0.000872,13
0.000874,0
0.000876,12
0.000878,0
0.00088,0
0.000882,6
0.000884,0
0.000886,8
0.000888,0
0.00089,9
0.000892,0
0.000894,4
0.000896,0
0.000898,0
0.0009,3
0.000902,0
0.000904,3
0.000906,0
0.000908,10
0.00091,0
0.000912,2
0.000914,0
0.000916,3
0.000918,0
0.00092,0
0.000922,5
0.000924,0
0.000926,6
0.000928,0
0.00093,2
0.000932,0
0.000934,1
0.000936,0
0.000938,0
0.00094,2
0.000942,0
0.000944,2
0.000946,0
0.000948,2
0.00095,0
0.000952,1
0.000954,0
0.000956,4
0.000958,0
0.00096,0
0.000962,0
0.000964,0
0.000966,1
0.000968,0
0.00097,1
0.000972,0
0.000974,4
0.000976,0
0.000978,0
0.00098,1
0.000982,0
0.000984,5
0.000986,0
0.000988,1
0.00099,0
0.000992,2
0.000994,0
0.000996,1
0.000998,0
0.001,0
0.001002,2
0.001004,0
0.001006,3
0.001008,0
0.00101,2
0.001012,0
0.001014,3
0.001016,0
0.001018,0
0.00102,4
0.001022,0
0.001024,4
0.001026,0
0.001028,0
0.00103,0
0.001032,4
0.001034,0
0.001036,2
0.001038,0
0.00104,0
