LECROYHDO6104,19236,Histogram
Segments,1,SegmentSize,500
Segment,TrigTime,TimeSinceSegment1
#1,23-Mar-2018 13:24:31,0                 
Time,Ampl
-0.000112,0
-0.00011,0
-0.000108,0
-0.000106,0
-0.000104,0
-0.000102,0
-0.0001,0
-9.8e-005,0
-9.6e-005,0
-9.4e-005,0
-9.2e-005,0
-9e-005,0
-8.8e-005,0
-8.6e-005,0
-8.4e-005,0
-8.2e-005,0
-8e-005,0
-7.8e-005,0
-7.6e-005,0
-7.4e-005,0
-7.2e-005,0
-7e-005,0
-6.8e-005,0
-6.6e-005,0
-6.4e-005,0
-6.2e-005,0
-6e-005,0
-5.8e-005,0
-5.6e-005,0
-5.4e-005,0
-5.2e-005,0
-5e-005,0
-4.8e-005,0
-4.6e-005,0
-4.4e-005,0
-4.2e-005,0
-4e-005,0
-3.8e-005,0
-3.6e-005,0
-3.4e-005,0
-3.2e-005,0
-3e-005,0
-2.8e-005,0
-2.6e-005,0
-2.4e-005,0
-2.2e-005,0
-2e-005,0
-1.8e-005,0
-1.6e-005,0
-1.4e-005,0
-1.2e-005,0
-1e-005,0
-8e-006,0
-6e-006,0
-4e-006,0
-2e-006,0
-1.728e-019,0
2e-006,0
4e-006,0
6e-006,0
8e-006,0
1e-005,0
1.2e-005,0
1.4e-005,0
1.6e-005,0
1.8e-005,0
2e-005,0
2.2e-005,0
2.4e-005,0
2.6e-005,0
2.8e-005,0
3e-005,0
3.2e-005,0
3.4e-005,0
3.6e-005,0
3.8e-005,0
4e-005,0
4.2e-005,0
4.4e-005,0
4.6e-005,0
4.8e-005,0
5e-005,0
5.2e-005,0
5.4e-005,0
5.6e-005,1
5.8e-005,0
6e-005,0
6.2e-005,2
6.4e-005,0
6.6e-005,9
6.8e-005,0
7e-005,7
7.2e-005,0
7.4e-005,16
7.6e-005,0
7.8e-005,0
8e-005,26
8.2e-005,0
8.4e-005,53
8.6e-005,0
8.8e-005,66
9e-005,0
9.2e-005,135
9.4e-005,0
9.6e-005,162
9.8e-005,0
0.0001,0
0.000102,234
0.000104,0
0.000106,289
0.000108,0
0.00011,351
0.000112,0
0.000114,399
0.000116,0
0.000118,0
0.00012,404
0.000122,0
0.000124,386
0.000126,0
0.000128,331
0.00013,0
0.000132,310
0.000134,0
0.000136,390
0.000138,0
0.00014,0
0.000142,345
0.000144,0
0.000146,440
0.000148,0
0.00015,527
0.000152,0
0.000154,746
0.000156,0
0.000158,0
0.00016,830
0.000162,0
0.000164,758
0.000166,0
0.000168,944
0.00017,0
0.000172,1033
0.000174,0
0.000176,1148
0.000178,0
0.00018,0
0.000182,1027
0.000184,0
0.000186,991
0.000188,0
0.00019,1018
0.000192,0
0.000194,952
0.000196,0
0.000198,0
0.0002,1047
0.000202,0
0.000204,1019
0.000206,0
0.000208,1044
0.00021,0
0.000212,989
0.000214,0
0.000216,863
0.000218,0
0.00022,0
0.000222,882
0.000224,0
0.000226,752
0.000228,0
0.00023,760
0.000232,0
0.000234,672
0.000236,0
0.000238,0
0.00024,677
0.000242,0
0.000244,708
0.000246,0
0.000248,504
0.00025,0
0.000252,458
0.000254,0
0.000256,397
0.000258,0
0.00026,0
0.000262,399
0.000264,0
0.000266,341
0.000268,0
0.00027,332
0.000272,0
0.000274,266
0.000276,0
0.000278,0
0.00028,240
0.000282,0
0.000284,254
0.000286,0
0.000288,171
0.00029,0
0.000292,139
0.000294,0
0.000296,105
0.000298,0
0.0003,0
0.000302,94
0.000304,0
0.000306,77
0.000308,0
0.00031,86
0.000312,0
0.000314,81
0.000316,0
0.000318,0
0.00032,49
0.000322,0
0.000324,46
0.000326,0
0.000328,45
0.00033,0
0.000332,27
0.000334,0
0.000336,26
0.000338,0
0.00034,0
0.000342,25
0.000344,0
0.000346,32
0.000348,0
0.00035,29
0.000352,0
0.000354,28
0.000356,0
0.000358,0
0.00036,21
0.000362,0
0.000364,36
0.000366,0
0.000368,36
0.00037,0
0.000372,36
0.000374,0
0.000376,32
0.000378,0
0.00038,0
0.000382,44
0.000384,0
0.000386,40
0.000388,0
0.00039,47
0.000392,0
0.000394,41
0.000396,0
0.000398,0
0.0004,46
0.000402,0
0.000404,49
0.000406,0
0.000408,65
0.00041,0
0.000412,56
0.000414,0
0.000416,61
0.000418,0
0.00042,0
0.000422,57
0.000424,0
0.000426,51
0.000428,0
0.00043,65
0.000432,0
0.000434,67
0.000436,0
0.000438,0
0.00044,60
0.000442,0
0.000444,70
0.000446,0
0.000448,77
0.00045,0
0.000452,48
0.000454,0
0.000456,58
0.000458,0
0.00046,0
0.000462,54
0.000464,0
0.000466,50
0.000468,0
0.00047,40
0.000472,0
0.000474,54
0.000476,0
0.000478,0
0.00048,52
0.000482,0
0.000484,36
0.000486,0
0.000488,44
0.00049,0
0.000492,50
0.000494,0
0.000496,43
0.000498,0
0.0005,0
0.000502,34
0.000504,0
0.000506,32
0.000508,0
0.00051,22
0.000512,0
0.000514,27
0.000516,0
0.000518,0
0.00052,12
0.000522,0
0.000524,18
0.000526,0
0.000528,17
0.00053,0
0.000532,14
0.000534,0
0.000536,8
0.000538,0
0.00054,0
0.000542,10
0.000544,0
0.000546,5
0.000548,0
0.00055,7
0.000552,0
0.000554,5
0.000556,0
0.000558,0
0.00056,4
0.000562,0
0.000564,7
0.000566,0
0.000568,2
0.00057,0
0.000572,6
0.000574,0
0.000576,3
0.000578,0
0.00058,0
0.000582,5
0.000584,0
0.000586,3
0.000588,0
0.00059,3
0.000592,0
0.000594,4
0.000596,0
0.000598,0
0.0006,6
0.000602,0
0.000604,0
0.000606,0
0.000608,5
0.00061,0
0.000612,2
0.000614,0
0.000616,4
0.000618,0
0.00062,0
0.000622,4
0.000624,0
0.000626,2
0.000628,0
0.00063,3
0.000632,0
0.000634,8
0.000636,0
0.000638,0
0.00064,4
0.000642,0
0.000644,3
0.000646,0
0.000648,3
0.00065,0
0.000652,5
0.000654,0
0.000656,9
0.000658,0
0.00066,0
0.000662,2
0.000664,0
0.000666,5
0.000668,0
0.00067,5
0.000672,0
0.000674,2
0.000676,0
0.000678,0
0.00068,4
0.000682,0
0.000684,4
0.000686,0
0.000688,5
0.00069,0
0.000692,4
0.000694,0
0.000696,3
0.000698,0
0.0007,0
0.000702,3
0.000704,0
0.000706,5
0.000708,0
0.00071,7
0.000712,0
0.000714,5
0.000716,0
0.000718,0
0.00072,3
0.000722,0
0.000724,2
0.000726,0
0.000728,2
0.00073,0
0.000732,2
0.000734,0
0.000736,2
0.000738,0
0.00074,0
0.000742,1
0.000744,0
0.000746,7
0.000748,0
0.00075,2
0.000752,0
0.000754,5
0.000756,0
0.000758,0
0.00076,3
0.000762,0
0.000764,2
0.000766,0
0.000768,1
0.00077,0
0.000772,2
0.000774,0
0.000776,0
0.000778,0
0.00078,0
0.000782,0
0.000784,0
0.000786,1
0.000788,0
0.00079,0
0.000792,0
0.000794,1
0.000796,0
0.000798,0
0.0008,1
0.000802,0
0.000804,0
0.000806,0
0.000808,0
0.00081,0
0.000812,0
0.000814,0
0.000816,0
0.000818,0
0.00082,0
0.000822,0
0.000824,0
0.000826,1
0.000828,0
0.00083,1
0.000832,0
0.000834,0
0.000836,0
0.000838,0
0.00084,0
0.000842,0
0.000844,0
0.000846,0
0.000848,0
0.00085,0
0.000852,0
0.000854,0
0.000856,0
0.000858,0
0.00086,0
0.000862,0
0.000864,0
0.000866,0
0.000868,0
0.00087,0
0.000872,0
0.000874,1
0.000876,0
0.000878,0
0.00088,0
0.000882,0
0.000884,2
0.000886,0
