LECROYHDO6104,19236,Histogram
Segments,1,SegmentSize,500
Segment,TrigTime,TimeSinceSegment1
#1,23-Mar-2018 12:32:03,0                 
Time,Ampl
-8.8e-005,0
-8.6e-005,0
-8.4e-005,0
-8.2e-005,0
-8e-005,0
-7.8e-005,0
-7.6e-005,0
-7.4e-005,0
-7.2e-005,0
-7e-005,0
-6.8e-005,0
-6.6e-005,0
-6.4e-005,0
-6.2e-005,0
-6e-005,0
-5.8e-005,0
-5.6e-005,0
-5.4e-005,0
-5.2e-005,0
-5e-005,0
-4.8e-005,0
-4.6e-005,0
-4.4e-005,0
-4.2e-005,0
-4e-005,0
-3.8e-005,0
-3.6e-005,0
-3.4e-005,0
-3.2e-005,0
-3e-005,0
-2.8e-005,0
-2.6e-005,0
-2.4e-005,0
-2.2e-005,0
-2e-005,0
-1.8e-005,0
-1.6e-005,0
-1.4e-005,0
-1.2e-005,0
-1e-005,0
-8e-006,0
-6e-006,0
-4e-006,0
-2e-006,0
-6.437e-020,0
2e-006,0
4e-006,0
6e-006,0
8e-006,0
1e-005,0
1.2e-005,0
1.4e-005,0
1.6e-005,0
1.8e-005,0
2e-005,0
2.2e-005,0
2.4e-005,0
2.6e-005,0
2.8e-005,0
3e-005,0
3.2e-005,0
3.4e-005,0
3.6e-005,0
3.8e-005,0
4e-005,0
4.2e-005,0
4.4e-005,0
4.6e-005,0
4.8e-005,0
5e-005,0
5.2e-005,0
5.4e-005,0
5.6e-005,0
5.8e-005,0
6e-005,0
6.2e-005,0
6.4e-005,0
6.6e-005,0
6.8e-005,0
7e-005,0
7.2e-005,0
7.4e-005,0
7.6e-005,0
7.8e-005,0
8e-005,0
8.2e-005,0
8.4e-005,0
8.6e-005,0
8.8e-005,0
9e-005,0
9.2e-005,0
9.4e-005,0
9.6e-005,0
9.8e-005,0
0.0001,0
0.000102,0
0.000104,0
0.000106,0
0.000108,2
0.00011,0
0.000112,2
0.000114,0
0.000116,1
0.000118,0
0.00012,0
0.000122,4
0.000124,0
0.000126,2
0.000128,0
0.00013,7
0.000132,0
0.000134,2
0.000136,0
0.000138,0
0.00014,5
0.000142,0
0.000144,5
0.000146,0
0.000148,6
0.00015,0
0.000152,16
0.000154,0
0.000156,26
0.000158,0
0.00016,0
0.000162,41
0.000164,0
0.000166,81
0.000168,0
0.00017,135
0.000172,0
0.000174,207
0.000176,0
0.000178,0
0.00018,329
0.000182,0
0.000184,482
0.000186,0
0.000188,530
0.00019,0
0.000192,615
0.000194,0
0.000196,692
0.000198,0
0.0002,0
0.000202,800
0.000204,0
0.000206,820
0.000208,0
0.00021,873
0.000212,0
0.000214,963
0.000216,0
0.000218,0
0.00022,1063
0.000222,0
0.000224,1131
0.000226,0
0.000228,1001
0.00023,0
0.000232,917
0.000234,0
0.000236,967
0.000238,0
0.00024,0
0.000242,953
0.000244,0
0.000246,936
0.000248,0
0.00025,962
0.000252,0
0.000254,1058
0.000256,0
0.000258,0
0.00026,903
0.000262,0
0.000264,809
0.000266,0
0.000268,797
0.00027,0
0.000272,755
0.000274,0
0.000276,743
0.000278,0
0.00028,0
0.000282,616
0.000284,0
0.000286,599
0.000288,0
0.00029,556
0.000292,0
0.000294,521
0.000296,0
0.000298,0
0.0003,442
0.000302,0
0.000304,403
0.000306,0
0.000308,414
0.00031,0
0.000312,391
0.000314,0
0.000316,276
0.000318,0
0.00032,0
0.000322,276
0.000324,0
0.000326,279
0.000328,0
0.00033,235
0.000332,0
0.000334,178
0.000336,0
0.000338,0
0.00034,149
0.000342,0
0.000344,150
0.000346,0
0.000348,114
0.00035,0
0.000352,113
0.000354,0
0.000356,100
0.000358,0
0.00036,0
0.000362,88
0.000364,0
0.000366,51
0.000368,0
0.00037,57
0.000372,0
0.000374,46
0.000376,0
0.000378,0
0.00038,49
0.000382,0
0.000384,37
0.000386,0
0.000388,26
0.00039,0
0.000392,28
0.000394,0
0.000396,33
0.000398,0
0.0004,0
0.000402,24
0.000404,0
0.000406,18
0.000408,0
0.00041,25
0.000412,0
0.000414,19
0.000416,0
0.000418,0
0.00042,24
0.000422,0
0.000424,14
0.000426,0
0.000428,26
0.00043,0
0.000432,23
0.000434,0
0.000436,24
0.000438,0
0.00044,0
0.000442,27
0.000444,0
0.000446,31
0.000448,0
0.00045,23
0.000452,0
0.000454,24
0.000456,0
0.000458,0
0.00046,29
0.000462,0
0.000464,19
0.000466,0
0.000468,28
0.00047,0
0.000472,23
0.000474,0
0.000476,32
0.000478,0
0.00048,0
0.000482,42
0.000484,0
0.000486,38
0.000488,0
0.00049,39
0.000492,0
0.000494,58
0.000496,0
0.000498,0
0.0005,56
0.000502,0
0.000504,76
0.000506,0
0.000508,78
0.00051,0
0.000512,52
0.000514,0
0.000516,73
0.000518,0
0.00052,0
0.000522,104
0.000524,0
0.000526,83
0.000528,0
0.00053,98
0.000532,0
0.000534,84
0.000536,0
0.000538,0
0.00054,95
0.000542,0
0.000544,116
0.000546,0
0.000548,116
0.00055,0
0.000552,104
0.000554,0
0.000556,107
0.000558,0
0.00056,0
0.000562,88
0.000564,0
0.000566,101
0.000568,0
0.00057,92
0.000572,0
0.000574,122
0.000576,0
0.000578,0
0.00058,90
0.000582,0
0.000584,94
0.000586,0
0.000588,88
0.00059,0
0.000592,99
0.000594,0
0.000596,98
0.000598,0
0.0006,0
0.000602,73
0.000604,0
0.000606,70
0.000608,0
0.00061,75
0.000612,0
0.000614,54
0.000616,0
0.000618,0
0.00062,62
0.000622,0
0.000624,50
0.000626,0
0.000628,48
0.00063,0
0.000632,50
0.000634,0
0.000636,37
0.000638,0
0.00064,0
0.000642,38
0.000644,0
0.000646,22
0.000648,0
0.00065,36
0.000652,0
0.000654,29
0.000656,0
0.000658,0
0.00066,22
0.000662,0
0.000664,23
0.000666,0
0.000668,26
0.00067,0
0.000672,20
0.000674,0
0.000676,9
0.000678,0
0.00068,0
0.000682,16
0.000684,0
0.000686,8
0.000688,0
0.00069,8
0.000692,0
0.000694,15
0.000696,0
0.000698,0
0.0007,16
0.000702,0
0.000704,12
0.000706,0
0.000708,7
0.00071,0
0.000712,5
0.000714,0
0.000716,6
0.000718,0
0.00072,0
0.000722,4
0.000724,0
0.000726,7
0.000728,0
0.00073,5
0.000732,0
0.000734,3
0.000736,0
0.000738,0
0.00074,8
0.000742,0
0.000744,6
0.000746,0
0.000748,2
0.00075,0
0.000752,5
0.000754,0
0.000756,1
0.000758,0
0.00076,0
0.000762,1
0.000764,0
0.000766,4
0.000768,0
0.00077,2
0.000772,0
0.000774,3
0.000776,0
0.000778,0
0.00078,5
0.000782,0
0.000784,6
0.000786,0
0.000788,8
0.00079,0
0.000792,10
0.000794,0
0.000796,4
0.000798,0
0.0008,0
0.000802,7
0.000804,0
0.000806,4
0.000808,0
0.00081,10
0.000812,0
0.000814,11
0.000816,0
0.000818,0
0.00082,9
0.000822,0
0.000824,14
0.000826,0
0.000828,11
0.00083,0
0.000832,11
0.000834,0
0.000836,10
0.000838,0
0.00084,0
0.000842,12
0.000844,0
0.000846,6
0.000848,0
0.00085,10
0.000852,0
0.000854,10
0.000856,0
0.000858,0
0.00086,8
0.000862,0
0.000864,14
0.000866,0
0.000868,11
0.00087,0
0.000872,4
0.000874,0
0.000876,9
0.000878,0
0.00088,0
0.000882,10
0.000884,0
0.000886,9
0.000888,0
0.00089,11
0.000892,0
0.000894,14
0.000896,0
0.000898,0
0.0009,9
0.000902,0
0.000904,5
0.000906,0
0.000908,20
0.00091,0
