LECROYHDO6104,19236,Histogram
Segments,1,SegmentSize,500
Segment,TrigTime,TimeSinceSegment1
#1,23-Mar-2018 13:35:35,0                 
Time,Ampl
-7.6e-005,0
-7.2e-005,0
-6.8e-005,0
-6.4e-005,0
-6e-005,0
-5.6e-005,0
-5.2e-005,0
-4.8e-005,0
-4.4e-005,0
-4e-005,0
-3.6e-005,0
-3.2e-005,0
-2.8e-005,0
-2.4e-005,0
-2e-005,0
-1.6e-005,0
-1.2e-005,0
-8e-006,0
-4e-006,0
-7.454e-020,0
4e-006,0
8e-006,0
1.2e-005,0
1.6e-005,0
2e-005,0
2.4e-005,0
2.8e-005,0
3.2e-005,0
3.6e-005,0
4e-005,0
4.4e-005,0
4.8e-005,0
5.2e-005,0
5.6e-005,0
6e-005,0
6.4e-005,0
6.8e-005,0
7.2e-005,0
7.6e-005,0
8e-005,0
8.4e-005,0
8.8e-005,0
9.2e-005,0
9.6e-005,0
0.0001,0
0.000104,0
0.000108,0
0.000112,0
0.000116,0
0.00012,0
0.000124,0
0.000128,0
0.000132,0
0.000136,0
0.00014,0
0.000144,0
0.000148,0
0.000152,0
0.000156,0
0.00016,0
0.000164,0
0.000168,0
0.000172,0
0.000176,0
0.00018,0
0.000184,0
0.000188,0
0.000192,0
0.000196,0
0.0002,0
0.000204,0
0.000208,0
0.000212,0
0.000216,0
0.00022,0
0.000224,0
0.000228,0
0.000232,0
0.000236,0
0.00024,0
0.000244,0
0.000248,0
0.000252,0
0.000256,0
0.00026,0
0.000264,0
0.000268,0
0.000272,0
0.000276,0
0.00028,0
0.000284,0
0.000288,0
0.000292,0
0.000296,0
0.0003,0
0.000304,0
0.000308,0
0.000312,1
0.000316,0
0.00032,2
0.000324,7
0.000328,16
0.000332,22
0.000336,45
0.00034,80
0.000344,139
0.000348,211
0.000352,306
0.000356,0
0.00036,455
0.000364,566
0.000368,733
0.000372,985
0.000376,965
0.00038,1153
0.000384,1243
0.000388,1165
0.000392,1006
0.000396,0
0.0004,996
0.000404,1072
0.000408,844
0.000412,725
0.000416,661
0.00042,661
0.000424,587
0.000428,544
0.000432,505
0.000436,0
0.00044,427
0.000444,411
0.000448,333
0.000452,318
0.000456,311
0.00046,263
0.000464,235
0.000468,230
0.000472,217
0.000476,0
0.00048,171
0.000484,130
0.000488,141
0.000492,162
0.000496,129
0.0005,127
0.000504,120
0.000508,110
0.000512,100
0.000516,0
0.00052,71
0.000524,78
0.000528,60
0.000532,81
0.000536,75
0.00054,42
0.000544,63
0.000548,44
0.000552,48
0.000556,0
0.00056,46
0.000564,51
0.000568,34
0.000572,42
0.000576,28
0.00058,34
0.000584,28
0.000588,21
0.000592,23
0.000596,0
0.0006,30
0.000604,25
0.000608,23
0.000612,23
0.000616,22
0.00062,19
0.000624,20
0.000628,29
0.000632,26
0.000636,0
0.00064,25
0.000644,17
0.000648,30
0.000652,47
0.000656,47
0.00066,42
0.000664,47
0.000668,55
0.000672,56
0.000676,0
0.00068,88
0.000684,71
0.000688,82
0.000692,111
0.000696,90
0.0007,105
0.000704,143
0.000708,141
0.000712,139
0.000716,0
0.00072,138
0.000724,156
0.000728,149
0.000732,135
0.000736,150
0.00074,165
0.000744,180
0.000748,182
0.000752,179
0.000756,0
0.00076,195
0.000764,215
0.000768,204
0.000772,173
0.000776,188
0.00078,184
0.000784,193
0.000788,191
0.000792,167
0.000796,0
0.0008,167
0.000804,162
0.000808,150
0.000812,133
0.000816,133
0.00082,137
0.000824,117
0.000828,121
0.000832,90
0.000836,0
0.00084,99
0.000844,71
0.000848,80
0.000852,87
0.000856,75
0.00086,90
0.000864,71
0.000868,71
0.000872,63
0.000876,0
0.00088,50
0.000884,61
0.000888,59
0.000892,44
0.000896,33
0.0009,31
0.000904,33
0.000908,37
0.000912,29
0.000916,0
0.00092,35
0.000924,28
0.000928,32
0.000932,16
0.000936,18
0.00094,23
0.000944,17
0.000948,18
0.000952,17
0.000956,0
0.00096,13
0.000964,13
0.000968,16
0.000972,8
0.000976,12
0.00098,15
0.000984,14
0.000988,11
0.000992,11
0.000996,0
0.001,15
0.001004,6
0.001008,7
0.001012,9
0.001016,18
0.00102,3
0.001024,3
0.001028,12
0.001032,13
0.001036,0
0.00104,8
0.001044,9
0.001048,9
0.001052,7
0.001056,7
0.00106,18
0.001064,7
0.001068,13
0.001072,16
0.001076,0
0.00108,26
0.001084,16
0.001088,13
0.001092,18
0.001096,12
0.0011,20
0.001104,22
0.001108,23
0.001112,28
0.001116,0
0.00112,32
0.001124,23
0.001128,30
0.001132,27
0.001136,28
0.00114,33
0.001144,30
0.001148,39
0.001152,30
0.001156,0
0.00116,37
0.001164,31
0.001168,43
0.001172,44
0.001176,33
0.00118,44
0.001184,30
0.001188,26
0.001192,31
0.001196,0
0.0012,37
0.001204,38
0.001208,41
0.001212,35
0.001216,25
0.00122,25
0.001224,32
0.001228,30
0.001232,24
0.001236,0
0.00124,32
0.001244,26
0.001248,28
0.001252,17
0.001256,19
0.00126,19
0.001264,14
0.001268,16
0.001272,24
0.001276,0
0.00128,21
0.001284,10
0.001288,14
0.001292,15
0.001296,17
0.0013,9
0.001304,10
0.001308,7
0.001312,9
0.001316,0
0.00132,11
0.001324,4
0.001328,6
0.001332,8
0.001336,9
0.00134,11
0.001344,7
0.001348,6
0.001352,7
0.001356,0
0.00136,3
0.001364,8
0.001368,8
0.001372,4
0.001376,2
0.00138,4
0.001384,8
0.001388,3
0.001392,4
0.001396,0
0.0014,5
0.001404,3
0.001408,4
0.001412,2
0.001416,3
0.00142,2
0.001424,3
0.001428,5
0.001432,2
0.001436,0
0.00144,3
0.001444,1
0.001448,0
0.001452,6
0.001456,6
0.00146,2
0.001464,2
0.001468,4
0.001472,1
0.001476,0
0.00148,6
0.001484,3
0.001488,2
0.001492,4
0.001496,2
0.0015,7
0.001504,3
0.001508,3
0.001512,4
0.001516,0
0.00152,2
0.001524,8
0.001528,9
0.001532,2
0.001536,4
0.00154,5
0.001544,9
0.001548,7
0.001552,5
0.001556,0
0.00156,10
0.001564,12
0.001568,10
0.001572,8
0.001576,2
0.00158,8
0.001584,1
0.001588,11
0.001592,11
0.001596,0
0.0016,6
0.001604,4
0.001608,14
0.001612,8
0.001616,6
0.00162,9
0.001624,7
0.001628,7
0.001632,4
0.001636,0
0.00164,10
0.001644,1
0.001648,5
0.001652,6
0.001656,5
0.00166,6
0.001664,3
0.001668,6
0.001672,5
0.001676,0
0.00168,1
0.001684,6
0.001688,5
0.001692,5
0.001696,3
0.0017,6
0.001704,3
0.001708,2
0.001712,0
0.001716,0
0.00172,7
0.001724,2
0.001728,1
0.001732,1
0.001736,4
0.00174,1
0.001744,5
0.001748,2
0.001752,3
0.001756,0
0.00176,2
0.001764,3
0.001768,2
0.001772,0
0.001776,4
0.00178,1
0.001784,0
0.001788,1
0.001792,0
0.001796,0
0.0018,0
0.001804,1
0.001808,1
0.001812,0
0.001816,1
0.00182,0
0.001824,2
0.001828,0
0.001832,4
0.001836,0
0.00184,0
0.001844,2
0.001848,1
0.001852,0
0.001856,2
0.00186,0
0.001864,1
0.001868,0
0.001872,0
0.001876,0
0.00188,1
0.001884,1
0.001888,0
0.001892,0
0.001896,0
0.0019,0
0.001904,1
0.001908,0
0.001912,1
0.001916,0
0.00192,1
