LECROYHDO6104,19236,Histogram
Segments,1,SegmentSize,500
Segment,TrigTime,TimeSinceSegment1
#1,23-Mar-2018 14:48:13,0                 
Time,Ampl
-0.00108,0
-0.00107,0
-0.00106,0
-0.00105,0
-0.00104,0
-0.00103,0
-0.00102,0
-0.00101,0
-0.001,0
-0.00099,0
-0.00098,0
-0.00097,0
-0.00096,0
-0.00095,0
-0.00094,0
-0.00093,0
-0.00092,0
-0.00091,0
-0.0009,0
-0.00089,0
-0.00088,0
-0.00087,0
-0.00086,0
-0.00085,0
-0.00084,0
-0.00083,0
-0.00082,0
-0.00081,0
-0.0008,0
-0.00079,0
-0.00078,0
-0.00077,0
-0.00076,0
-0.00075,0
-0.00074,0
-0.00073,0
-0.00072,0
-0.00071,0
-0.0007,0
-0.00069,0
-0.00068,0
-0.00067,0
-0.00066,0
-0.00065,0
-0.00064,0
-0.00063,0
-0.00062,0
-0.00061,0
-0.0006,0
-0.00059,0
-0.00058,0
-0.00057,0
-0.00056,0
-0.00055,0
-0.00054,0
-0.00053,0
-0.00052,0
-0.00051,0
-0.0005,0
-0.00049,0
-0.00048,0
-0.00047,0
-0.00046,0
-0.00045,0
-0.00044,0
-0.00043,0
-0.00042,0
-0.00041,0
-0.0004,0
-0.00039,0
-0.00038,0
-0.00037,0
-0.00036,0
-0.00035,0
-0.00034,0
-0.00033,0
-0.00032,0
-0.00031,0
-0.0003,0
-0.00029,0
-0.00028,0
-0.00027,0
-0.00026,0
-0.00025,0
-0.00024,0
-0.00023,0
-0.00022,0
-0.00021,0
-0.0002,0
-0.00019,0
-0.00018,0
-0.00017,0
-0.00016,0
-0.00015,0
-0.00014,0
-0.00013,0
-0.00012,0
-0.00011,0
-0.0001,0
-9e-005,0
-8e-005,0
-7e-005,0
-6e-005,0
-5e-005,0
-4e-005,0
-3e-005,0
-2e-005,0
-1e-005,0
2.145e-018,0
1e-005,0
2e-005,0
3e-005,0
4e-005,0
5e-005,0
6e-005,0
7e-005,0
8e-005,0
9e-005,0
0.0001,0
0.00011,0
0.00012,0
0.00013,0
0.00014,0
0.00015,0
0.00016,0
0.00017,0
0.00018,0
0.00019,0
0.0002,0
0.00021,0
0.00022,0
0.00023,0
0.00024,0
0.00025,0
0.00026,0
0.00027,0
0.00028,0
0.00029,1
0.0003,3
0.00031,4
0.00032,15
0.00033,42
0.00034,85
0.00035,98
0.00036,160
0.00037,268
0.00038,556
0.00039,512
0.0004,556
0.00041,784
0.00042,1510
0.00043,1092
0.00044,1219
0.00045,1123
0.00046,1969
0.00047,1349
0.00048,1364
0.00049,1309
0.0005,1575
0.00051,892
0.00052,755
0.00053,651
0.00054,718
0.00055,388
0.00056,287
0.00057,311
0.00058,431
0.00059,221
0.0006,220
0.00061,198
0.00062,266
0.00063,155
0.00064,127
0.00065,132
0.00066,138
0.00067,82
0.00068,82
0.00069,65
0.0007,83
0.00071,49
0.00072,48
0.00073,35
0.00074,56
0.00075,43
0.00076,29
0.00077,20
0.00078,37
0.00079,17
0.0008,39
0.00081,34
0.00082,55
0.00083,61
0.00084,62
0.00085,74
0.00086,145
0.00087,120
0.00088,113
0.00089,155
0.0009,303
0.00091,240
0.00092,198
0.00093,220
0.00094,384
0.00095,265
0.00096,236
0.00097,241
0.00098,304
0.00099,200
0.001,185
0.00101,173
0.00102,189
0.00103,121
0.00104,109
0.00105,111
0.00106,154
0.00107,103
0.00108,76
0.00109,59
0.0011,114
0.00111,72
0.00112,61
0.00113,59
0.00114,66
0.00115,41
0.00116,42
0.00117,33
0.00118,45
0.00119,36
0.0012,21
0.00121,19
0.00122,27
0.00123,13
0.00124,17
0.00125,18
0.00126,20
0.00127,13
0.00128,15
0.00129,16
0.0013,24
0.00131,27
0.00132,18
0.00133,20
0.00134,40
0.00135,27
0.00136,26
0.00137,40
0.00138,67
0.00139,50
0.0014,56
0.00141,56
0.00142,83
0.00143,45
0.00144,55
0.00145,67
0.00146,94
0.00147,52
0.00148,53
0.00149,52
0.0015,59
0.00151,41
0.00152,38
0.00153,42
0.00154,51
0.00155,31
0.00156,30
0.00157,23
0.00158,37
0.00159,19
0.0016,32
0.00161,25
0.00162,20
0.00163,22
0.00164,10
0.00165,17
0.00166,30
0.00167,13
0.00168,13
0.00169,11
0.0017,13
0.00171,10
0.00172,14
0.00173,13
0.00174,8
0.00175,11
0.00176,8
0.00177,13
0.00178,13
0.00179,8
0.0018,9
0.00181,8
0.00182,16
0.00183,11
0.00184,5
0.00185,10
0.00186,16
0.00187,11
0.00188,15
0.00189,17
0.0019,14
0.00191,15
0.00192,24
0.00193,17
0.00194,16
0.00195,16
0.00196,18
0.00197,14
0.00198,18
0.00199,12
0.002,14
0.00201,12
0.00202,13
0.00203,8
0.00204,7
0.00205,12
0.00206,10
0.00207,9
0.00208,10
0.00209,9
0.0021,8
0.00211,5
0.00212,10
0.00213,6
0.00214,14
0.00215,2
0.00216,4
0.00217,8
0.00218,10
0.00219,9
0.0022,4
0.00221,1
0.00222,4
0.00223,4
0.00224,2
0.00225,5
0.00226,6
0.00227,5
0.00228,2
0.00229,5
0.0023,4
0.00231,4
0.00232,5
0.00233,5
0.00234,2
0.00235,4
0.00236,2
0.00237,11
0.00238,6
0.00239,4
0.0024,6
0.00241,3
0.00242,4
0.00243,5
0.00244,4
0.00245,4
0.00246,10
0.00247,4
0.00248,4
0.00249,4
0.0025,8
0.00251,3
0.00252,4
0.00253,5
0.00254,7
0.00255,5
0.00256,5
0.00257,5
0.00258,4
0.00259,3
0.0026,5
0.00261,4
0.00262,5
0.00263,4
0.00264,1
0.00265,1
0.00266,4
0.00267,2
0.00268,0
0.00269,2
0.0027,2
0.00271,3
0.00272,2
0.00273,3
0.00274,1
0.00275,2
0.00276,0
0.00277,1
0.00278,2
0.00279,1
0.0028,0
0.00281,0
0.00282,1
0.00283,2
0.00284,4
0.00285,2
0.00286,3
0.00287,0
0.00288,1
0.00289,2
0.0029,0
0.00291,1
0.00292,1
0.00293,3
0.00294,1
0.00295,3
0.00296,0
0.00297,1
0.00298,2
0.00299,1
0.003,1
0.00301,2
0.00302,0
0.00303,0
0.00304,0
0.00305,0
0.00306,2
0.00307,1
0.00308,0
0.00309,3
0.0031,0
0.00311,0
0.00312,0
0.00313,0
0.00314,2
0.00315,0
0.00316,1
0.00317,1
0.00318,1
0.00319,0
0.0032,3
0.00321,1
0.00322,1
0.00323,0
0.00324,1
0.00325,1
0.00326,0
0.00327,0
0.00328,1
0.00329,1
0.0033,0
0.00331,1
0.00332,0
0.00333,1
0.00334,0
0.00335,0
0.00336,1
0.00337,0
0.00338,2
0.00339,0
0.0034,0
0.00341,1
0.00342,0
0.00343,0
0.00344,0
0.00345,0
0.00346,0
0.00347,1
0.00348,0
0.00349,0
0.0035,1
0.00351,0
0.00352,0
0.00353,0
0.00354,1
0.00355,0
0.00356,0
0.00357,1
0.00358,0
0.00359,1
0.0036,0
0.00361,0
0.00362,0
0.00363,0
0.00364,0
0.00365,0
0.00366,0
0.00367,1
0.00368,0
0.00369,1
0.0037,0
0.00371,0
0.00372,0
0.00373,0
0.00374,0
0.00375,0
0.00376,0
0.00377,0
0.00378,0
0.00379,0
0.0038,0
0.00381,0
0.00382,0
0.00383,0
0.00384,0
0.00385,0
0.00386,0
0.00387,0
0.00388,1
0.00389,1
0.0039,0
0.00391,0
